static ulong[] data= new ulong[]{ 0xd3e ,0x1688 ,0xfba ,0x1a77 ,0x1dfe ,0x1e44 ,0x1a2f ,0xa4d ,0x9cc ,0x11e1 ,0x18d4 ,0x157c ,0xd9b ,0xd51 ,0x1cd3 ,0x1fb0 ,0x268 ,0x1545 ,0xc6f ,0x0 };
Setup and Count -> Input  -> bitoffset = 0
----------------------------------------------------------------------------------------------------------------------------------------------------------
  d3e  1688   fba  1a77  1dfe  1e44  1a2f   a4d   9cc  11e1  18d4  157c   d9b   d51  1cd3  1fb0   268  1545   c6f   d5c 
----------------------------------------------------------------------------------------------------------------------------------------------------------

Setup and Count -> bitoffset = 0
----------------------------------------------------------------------------------------------------------------------------------------------------------
                                Block 0                      Block 1                      Block 2                      Block 3
----------------------------------------------------------------------------------------------------------------------------------------------------------
         Radix 0             0     0     0     0          0     0     0     1          0     0     0     0          0     0     0     0 
         Radix 1             0     0     0     0          1     0     1     0          0     0     0     0          0     0     0     0 
         Radix 2             0     0     0     0          0     0     0     0          0     0     0     0          0     0     0     0 
         Radix 3             0     0     0     0          0     0     0     1          0     0     0     0          0     0     0     0 
         Radix 4             0     0     1     0          0     1     0     0          0     0     0     0          0     0     0     0 
         Radix 5             0     0     0     0          0     0     0     0          1     0     0     0          0     0     0     0 
         Radix 6             0     0     0     0          0     0     0     0          0     0     0     0          0     0     0     0 
         Radix 7             0     1     0     0          0     0     0     0          0     0     0     0          0     0     0     0 
         Radix 8             1     0     0     0          0     0     0     0          1     0     0     0          0     0     0     0 
         Radix 9             0     0     0     0          0     0     0     0          0     0     0     0          0     0     0     0 
        Radix 10             0     1     0     0          0     0     0     0          0     0     0     0          0     0     0     0 
        Radix 11             0     0     0     0          0     0     1     0          0     0     0     0          0     0     0     0 
        Radix 12             0     0     0     0          1     1     0     0          0     1     0     0          0     0     0     0 
        Radix 13             0     0     0     1          0     0     0     0          0     0     0     0          0     0     0     0 
        Radix 14             1     0     1     0          0     0     0     0          0     0     0     0          0     0     0     0 
        Radix 15             0     0     0     1          0     0     0     0          0     1     0     0          0     0     0     0 

SumIt -> Input -> bitoffset = 0
----------------------------------------------------------------------------------------------------------------------------------------------------------
  d3e  1688   fba  1a77  1dfe  1e44  1a2f   a4d   9cc  11e1  18d4  157c   d9b   d51  1cd3  1fb0   268  1545   c6f   d5c 
----------------------------------------------------------------------------------------------------------------------------------------------------------

SumIt -> bitoffset = 0
----------------------------------------------------------------------------------------------------------------------------------------------------------
                                Block 0                      Block 1                      Block 2                      Block 3
----------------------------------------------------------------------------------------------------------------------------------------------------------
         Radix 0             0     0     0     0          0     0     0     0          1     1     1     1          1     1     1     1 
         Radix 1             0     0     0     0          0     1     1     2          2     2     2     2          2     2     2     2 
         Radix 2             0     0     0     0          0     0     0     0          0     0     0     0          0     0     0     0 
         Radix 3             0     0     0     0          0     0     0     0          1     1     1     1          1     1     1     1 
         Radix 4             0     0     0     1          1     1     2     2          2     2     2     2          2     2     2     2 
         Radix 5             0     0     0     0          0     0     0     0          0     1     1     1          1     1     1     1 
         Radix 6             0     0     0     0          0     0     0     0          0     0     0     0          0     0     0     0 
         Radix 7             0     0     1     1          1     1     1     1          1     1     1     1          1     1     1     1 
         Radix 8             0     1     1     1          1     1     1     1          1     2     2     2          2     2     2     2 
         Radix 9             0     0     0     0          0     0     0     0          0     0     0     0          0     0     0     0 
        Radix 10             0     0     1     1          1     1     1     1          1     1     1     1          1     1     1     1 
        Radix 11             0     0     0     0          0     0     0     1          1     1     1     1          1     1     1     1 
        Radix 12             0     0     0     0          0     1     2     2          2     2     3     3          3     3     3     3 
        Radix 13             0     0     0     0          1     1     1     1          1     1     1     1          1     1     1     1 
        Radix 14             0     1     1     2          2     2     2     2          2     2     2     2          2     2     2     2 
        Radix 15             0     0     0     0          1     1     1     1          1     1     2     2          2     2     2     2 

SumIt -> RadixPrefixe -> bitoffset = 0
----------------------------------------------------------------------------------------------------------------------------------------------------------
    1     2     0     1     2     1     0     1     2     0     1     1     3     1     2     2 
----------------------------------------------------------------------------------------------------------------------------------------------------------

Reordering -> Input -> bitoffset = 0
----------------------------------------------------------------------------------------------------------------------------------------------------------
  d3e  1688   fba  1a77  1dfe  1e44  1a2f   a4d   9cc  11e1  18d4  157c   d9b   d51  1cd3  1fb0   268  1545   c6f   d5c 
----------------------------------------------------------------------------------------------------------------------------------------------------------

Reordering -> bitoffset = 0
----------------------------------------------------------------------------------------------------------------------------------------------------------
                                Block 0                      Block 1                      Block 2                      Block 3
----------------------------------------------------------------------------------------------------------------------------------------------------------
         Radix 0             0     0     0     0          0     0     0     0          1     1     1     1          1     1     1     1 
         Radix 1             0     0     0     0          0     1     1     2          2     2     2     2          2     2     2     2 
         Radix 2             0     0     0     0          0     0     0     0          0     0     0     0          0     0     0     0 
         Radix 3             0     0     0     0          0     0     0     0          1     1     1     1          1     1     1     1 
         Radix 4             0     0     0     1          1     1     2     2          2     2     2     2          2     2     2     2 
         Radix 5             0     0     0     0          0     0     0     0          0     1     1     1          1     1     1     1 
         Radix 6             0     0     0     0          0     0     0     0          0     0     0     0          0     0     0     0 
         Radix 7             0     0     1     1          1     1     1     1          1     1     1     1          1     1     1     1 
         Radix 8             0     1     1     1          1     1     1     1          1     2     2     2          2     2     2     2 
         Radix 9             0     0     0     0          0     0     0     0          0     0     0     0          0     0     0     0 
        Radix 10             0     0     1     1          1     1     1     1          1     1     1     1          1     1     1     1 
        Radix 11             0     0     0     0          0     0     0     1          1     1     1     1          1     1     1     1 
        Radix 12             0     0     0     0          0     1     2     2          2     2     3     3          3     3     3     3 
        Radix 13             0     0     0     0          1     1     1     1          1     1     1     1          1     1     1     1 
        Radix 14             0     1     1     2          2     2     2     2          2     2     2     2          2     2     2     2 
        Radix 15             0     0     0     0          1     1     1     1          1     1     2     2          2     2     2     2 

Reordering -> RadixPrefixe -> bitoffset = 0
----------------------------------------------------------------------------------------------------------------------------------------------------------
    1     2     0     1     2     1     0     1     2     0     1     1     3     1     2     2 
----------------------------------------------------------------------------------------------------------------------------------------------------------

Reordering -> Output -> bitoffset = 0
----------------------------------------------------------------------------------------------------------------------------------------------------------
 1fb0  11e1   d51  1cd3  1e44  18d4  1545  1a77  1688   268   fba   d9b   9cc  157c   d5c   a4d   d3e  1dfe  1a2f   c6f 
----------------------------------------------------------------------------------------------------------------------------------------------------------

Setup and Count -> Input  -> bitoffset = 4
----------------------------------------------------------------------------------------------------------------------------------------------------------
 1fb0  11e1   d51  1cd3  1e44  18d4  1545  1a77  1688   268   fba   d9b   9cc  157c   d5c   a4d   d3e  1dfe  1a2f   c6f 
----------------------------------------------------------------------------------------------------------------------------------------------------------

Setup and Count -> bitoffset = 4
----------------------------------------------------------------------------------------------------------------------------------------------------------
                                Block 0                      Block 1                      Block 2                      Block 3
----------------------------------------------------------------------------------------------------------------------------------------------------------
         Radix 0             0     0     0     0          0     0     0     0          0     0     0     0          0     0     0     0 
         Radix 1             0     0     0     0          0     0     0     0          0     0     0     0          0     0     0     0 
         Radix 2             0     0     0     0          0     0     0     0          0     1     0     0          0     0     0     0 
         Radix 3             0     0     0     0          0     0     0     0          1     0     0     0          0     0     0     0 
         Radix 4             0     0     1     1          0     0     0     1          0     0     0     0          0     0     0     0 
         Radix 5             0     1     0     0          0     0     0     1          0     0     0     0          0     0     0     0 
         Radix 6             0     0     0     0          1     0     0     0          0     1     0     0          0     0     0     0 
         Radix 7             0     0     0     1          0     0     1     0          0     0     0     0          0     0     0     0 
         Radix 8             0     0     0     0          1     0     0     0          0     0     0     0          0     0     0     0 
         Radix 9             0     0     0     0          0     1     0     0          0     0     0     0          0     0     0     0 
        Radix 10             0     0     0     0          0     0     0     0          0     0     0     0          0     0     0     0 
        Radix 11             1     0     0     0          0     1     0     0          0     0     0     0          0     0     0     0 
        Radix 12             0     0     0     0          0     0     1     0          0     0     0     0          0     0     0     0 
        Radix 13             0     1     1     0          0     0     0     0          0     0     0     0          0     0     0     0 
        Radix 14             1     0     0     0          0     0     0     0          0     0     0     0          0     0     0     0 
        Radix 15             0     0     0     0          0     0     0     0          1     0     0     0          0     0     0     0 

SumIt -> Input -> bitoffset = 4
----------------------------------------------------------------------------------------------------------------------------------------------------------
 1fb0  11e1   d51  1cd3  1e44  18d4  1545  1a77  1688   268   fba   d9b   9cc  157c   d5c   a4d   d3e  1dfe  1a2f   c6f 
----------------------------------------------------------------------------------------------------------------------------------------------------------

SumIt -> bitoffset = 4
----------------------------------------------------------------------------------------------------------------------------------------------------------
                                Block 0                      Block 1                      Block 2                      Block 3
----------------------------------------------------------------------------------------------------------------------------------------------------------
         Radix 0             0     0     0     0          0     0     0     0          0     0     0     0          0     0     0     0 
         Radix 1             0     0     0     0          0     0     0     0          0     0     0     0          0     0     0     0 
         Radix 2             0     0     0     0          0     0     0     0          0     0     1     1          1     1     1     1 
         Radix 3             0     0     0     0          0     0     0     0          0     1     1     1          1     1     1     1 
         Radix 4             0     0     0     1          2     2     2     2          3     3     3     3          3     3     3     3 
         Radix 5             0     0     1     1          1     1     1     1          2     2     2     2          2     2     2     2 
         Radix 6             0     0     0     0          0     1     1     1          1     1     2     2          2     2     2     2 
         Radix 7             0     0     0     0          1     1     1     2          2     2     2     2          2     2     2     2 
         Radix 8             0     0     0     0          0     1     1     1          1     1     1     1          1     1     1     1 
         Radix 9             0     0     0     0          0     0     1     1          1     1     1     1          1     1     1     1 
        Radix 10             0     0     0     0          0     0     0     0          0     0     0     0          0     0     0     0 
        Radix 11             0     1     1     1          1     1     2     2          2     2     2     2          2     2     2     2 
        Radix 12             0     0     0     0          0     0     0     1          1     1     1     1          1     1     1     1 
        Radix 13             0     0     1     2          2     2     2     2          2     2     2     2          2     2     2     2 
        Radix 14             0     1     1     1          1     1     1     1          1     1     1     1          1     1     1     1 
        Radix 15             0     0     0     0          0     0     0     0          0     1     1     1          1     1     1     1 

SumIt -> RadixPrefixe -> bitoffset = 4
----------------------------------------------------------------------------------------------------------------------------------------------------------
    0     0     1     1     3     2     2     2     1     1     0     2     1     2     1     1 
----------------------------------------------------------------------------------------------------------------------------------------------------------

Reordering -> Input -> bitoffset = 4
----------------------------------------------------------------------------------------------------------------------------------------------------------
 1fb0  11e1   d51  1cd3  1e44  18d4  1545  1a77  1688   268   fba   d9b   9cc  157c   d5c   a4d   d3e  1dfe  1a2f   c6f 
----------------------------------------------------------------------------------------------------------------------------------------------------------

Reordering -> bitoffset = 4
----------------------------------------------------------------------------------------------------------------------------------------------------------
                                Block 0                      Block 1                      Block 2                      Block 3
----------------------------------------------------------------------------------------------------------------------------------------------------------
         Radix 0             0     0     0     0          0     0     0     0          0     0     0     0          0     0     0     0 
         Radix 1             0     0     0     0          0     0     0     0          0     0     0     0          0     0     0     0 
         Radix 2             0     0     0     0          0     0     0     0          0     0     1     1          1     1     1     1 
         Radix 3             0     0     0     0          0     0     0     0          0     1     1     1          1     1     1     1 
         Radix 4             0     0     0     1          2     2     2     2          3     3     3     3          3     3     3     3 
         Radix 5             0     0     1     1          1     1     1     1          2     2     2     2          2     2     2     2 
         Radix 6             0     0     0     0          0     1     1     1          1     1     2     2          2     2     2     2 
         Radix 7             0     0     0     0          1     1     1     2          2     2     2     2          2     2     2     2 
         Radix 8             0     0     0     0          0     1     1     1          1     1     1     1          1     1     1     1 
         Radix 9             0     0     0     0          0     0     1     1          1     1     1     1          1     1     1     1 
        Radix 10             0     0     0     0          0     0     0     0          0     0     0     0          0     0     0     0 
        Radix 11             0     1     1     1          1     1     2     2          2     2     2     2          2     2     2     2 
        Radix 12             0     0     0     0          0     0     0     1          1     1     1     1          1     1     1     1 
        Radix 13             0     0     1     2          2     2     2     2          2     2     2     2          2     2     2     2 
        Radix 14             0     1     1     1          1     1     1     1          1     1     1     1          1     1     1     1 
        Radix 15             0     0     0     0          0     0     0     0          0     1     1     1          1     1     1     1 

Reordering -> RadixPrefixe -> bitoffset = 4
----------------------------------------------------------------------------------------------------------------------------------------------------------
    0     0     1     1     3     2     2     2     1     1     0     2     1     2     1     1 
----------------------------------------------------------------------------------------------------------------------------------------------------------

Reordering -> Output -> bitoffset = 4
----------------------------------------------------------------------------------------------------------------------------------------------------------
 1a2f   d3e  1e44  1545   a4d   d51   d5c   268   c6f  1a77  157c  1688   d9b  1fb0   fba   9cc  1cd3  18d4  11e1  1dfe 
----------------------------------------------------------------------------------------------------------------------------------------------------------

Setup and Count -> Input  -> bitoffset = 8
----------------------------------------------------------------------------------------------------------------------------------------------------------
 1a2f   d3e  1e44  1545   a4d   d51   d5c   268   c6f  1a77  157c  1688   d9b  1fb0   fba   9cc  1cd3  18d4  11e1  1dfe 
----------------------------------------------------------------------------------------------------------------------------------------------------------

Setup and Count -> bitoffset = 8
----------------------------------------------------------------------------------------------------------------------------------------------------------
                                Block 0                      Block 1                      Block 2                      Block 3
----------------------------------------------------------------------------------------------------------------------------------------------------------
         Radix 0             0     0     0     0          0     0     0     0          0     0     0     0          0     0     0     0 
         Radix 1             0     0     0     0          0     0     0     0          0     1     0     0          0     0     0     0 
         Radix 2             0     0     0     1          0     0     0     0          0     0     0     0          0     0     0     0 
         Radix 3             0     0     0     0          0     0     0     0          0     0     0     0          0     0     0     0 
         Radix 4             0     0     0     0          0     0     0     0          0     0     0     0          0     0     0     0 
         Radix 5             0     1     0     0          0     1     0     0          0     0     0     0          0     0     0     0 
         Radix 6             0     0     0     0          0     1     0     0          0     0     0     0          0     0     0     0 
         Radix 7             0     0     0     0          0     0     0     0          0     0     0     0          0     0     0     0 
         Radix 8             0     0     0     0          0     0     0     0          1     0     0     0          0     0     0     0 
         Radix 9             0     0     0     0          0     0     0     1          0     0     0     0          0     0     0     0 
        Radix 10             1     0     1     0          1     0     0     0          0     0     0     0          0     0     0     0 
        Radix 11             0     0     0     0          0     0     0     0          0     0     0     0          0     0     0     0 
        Radix 12             0     0     0     0          1     0     0     0          1     0     0     0          0     0     0     0 
        Radix 13             1     0     1     1          0     0     1     0          0     1     0     0          0     0     0     0 
        Radix 14             0     1     0     0          0     0     0     0          0     0     0     0          0     0     0     0 
        Radix 15             0     0     0     0          0     0     1     1          0     0     0     0          0     0     0     0 

SumIt -> Input -> bitoffset = 8
----------------------------------------------------------------------------------------------------------------------------------------------------------
 1a2f   d3e  1e44  1545   a4d   d51   d5c   268   c6f  1a77  157c  1688   d9b  1fb0   fba   9cc  1cd3  18d4  11e1  1dfe 
----------------------------------------------------------------------------------------------------------------------------------------------------------

SumIt -> bitoffset = 8
----------------------------------------------------------------------------------------------------------------------------------------------------------
                                Block 0                      Block 1                      Block 2                      Block 3
----------------------------------------------------------------------------------------------------------------------------------------------------------
         Radix 0             0     0     0     0          0     0     0     0          0     0     0     0          0     0     0     0 
         Radix 1             0     0     0     0          0     0     0     0          0     0     1     1          1     1     1     1 
         Radix 2             0     0     0     0          1     1     1     1          1     1     1     1          1     1     1     1 
         Radix 3             0     0     0     0          0     0     0     0          0     0     0     0          0     0     0     0 
         Radix 4             0     0     0     0          0     0     0     0          0     0     0     0          0     0     0     0 
         Radix 5             0     0     1     1          1     1     2     2          2     2     2     2          2     2     2     2 
         Radix 6             0     0     0     0          0     0     1     1          1     1     1     1          1     1     1     1 
         Radix 7             0     0     0     0          0     0     0     0          0     0     0     0          0     0     0     0 
         Radix 8             0     0     0     0          0     0     0     0          0     1     1     1          1     1     1     1 
         Radix 9             0     0     0     0          0     0     0     0          1     1     1     1          1     1     1     1 
        Radix 10             0     1     1     2          2     3     3     3          3     3     3     3          3     3     3     3 
        Radix 11             0     0     0     0          0     0     0     0          0     0     0     0          0     0     0     0 
        Radix 12             0     0     0     0          0     1     1     1          1     2     2     2          2     2     2     2 
        Radix 13             0     1     1     2          3     3     3     4          4     4     5     5          5     5     5     5 
        Radix 14             0     0     1     1          1     1     1     1          1     1     1     1          1     1     1     1 
        Radix 15             0     0     0     0          0     0     0     1          2     2     2     2          2     2     2     2 

SumIt -> RadixPrefixe -> bitoffset = 8
----------------------------------------------------------------------------------------------------------------------------------------------------------
    0     1     1     0     0     2     1     0     1     1     3     0     2     5     1     2 
----------------------------------------------------------------------------------------------------------------------------------------------------------

Reordering -> Input -> bitoffset = 8
----------------------------------------------------------------------------------------------------------------------------------------------------------
 1a2f   d3e  1e44  1545   a4d   d51   d5c   268   c6f  1a77  157c  1688   d9b  1fb0   fba   9cc  1cd3  18d4  11e1  1dfe 
----------------------------------------------------------------------------------------------------------------------------------------------------------

Reordering -> bitoffset = 8
----------------------------------------------------------------------------------------------------------------------------------------------------------
                                Block 0                      Block 1                      Block 2                      Block 3
----------------------------------------------------------------------------------------------------------------------------------------------------------
         Radix 0             0     0     0     0          0     0     0     0          0     0     0     0          0     0     0     0 
         Radix 1             0     0     0     0          0     0     0     0          0     0     1     1          1     1     1     1 
         Radix 2             0     0     0     0          1     1     1     1          1     1     1     1          1     1     1     1 
         Radix 3             0     0     0     0          0     0     0     0          0     0     0     0          0     0     0     0 
         Radix 4             0     0     0     0          0     0     0     0          0     0     0     0          0     0     0     0 
         Radix 5             0     0     1     1          1     1     2     2          2     2     2     2          2     2     2     2 
         Radix 6             0     0     0     0          0     0     1     1          1     1     1     1          1     1     1     1 
         Radix 7             0     0     0     0          0     0     0     0          0     0     0     0          0     0     0     0 
         Radix 8             0     0     0     0          0     0     0     0          0     1     1     1          1     1     1     1 
         Radix 9             0     0     0     0          0     0     0     0          1     1     1     1          1     1     1     1 
        Radix 10             0     1     1     2          2     3     3     3          3     3     3     3          3     3     3     3 
        Radix 11             0     0     0     0          0     0     0     0          0     0     0     0          0     0     0     0 
        Radix 12             0     0     0     0          0     1     1     1          1     2     2     2          2     2     2     2 
        Radix 13             0     1     1     2          3     3     3     4          4     4     5     5          5     5     5     5 
        Radix 14             0     0     1     1          1     1     1     1          1     1     1     1          1     1     1     1 
        Radix 15             0     0     0     0          0     0     0     1          2     2     2     2          2     2     2     2 

Reordering -> RadixPrefixe -> bitoffset = 8
----------------------------------------------------------------------------------------------------------------------------------------------------------
    0     1     1     0     0     2     1     0     1     1     3     0     2     5     1     2 
----------------------------------------------------------------------------------------------------------------------------------------------------------

Reordering -> Output -> bitoffset = 8
----------------------------------------------------------------------------------------------------------------------------------------------------------
 11e1   268  1545  157c  1688  18d4   9cc  1a2f   a4d  1a77   c6f  1cd3   d3e   d51   d5c  1dfe  1dfe  1e44  1fb0   fba 
----------------------------------------------------------------------------------------------------------------------------------------------------------

Setup and Count -> Input  -> bitoffset = 12
----------------------------------------------------------------------------------------------------------------------------------------------------------
 11e1   268  1545  157c  1688  18d4   9cc  1a2f   a4d  1a77   c6f  1cd3   d3e   d51   d5c  1dfe  1dfe  1e44  1fb0   fba 
----------------------------------------------------------------------------------------------------------------------------------------------------------

Setup and Count -> bitoffset = 12
----------------------------------------------------------------------------------------------------------------------------------------------------------
                                Block 0                      Block 1                      Block 2                      Block 3
----------------------------------------------------------------------------------------------------------------------------------------------------------
         Radix 0             1     0     0     1          1     1     2     1          0     1     0     0          0     0     0     0 
         Radix 1             1     2     2     1          1     1     0     1          2     1     0     0          0     0     0     0 
         Radix 2             0     0     0     0          0     0     0     0          0     0     0     0          0     0     0     0 
         Radix 3             0     0     0     0          0     0     0     0          0     0     0     0          0     0     0     0 
         Radix 4             0     0     0     0          0     0     0     0          0     0     0     0          0     0     0     0 
         Radix 5             0     0     0     0          0     0     0     0          0     0     0     0          0     0     0     0 
         Radix 6             0     0     0     0          0     0     0     0          0     0     0     0          0     0     0     0 
         Radix 7             0     0     0     0          0     0     0     0          0     0     0     0          0     0     0     0 
         Radix 8             0     0     0     0          0     0     0     0          0     0     0     0          0     0     0     0 
         Radix 9             0     0     0     0          0     0     0     0          0     0     0     0          0     0     0     0 
        Radix 10             0     0     0     0          0     0     0     0          0     0     0     0          0     0     0     0 
        Radix 11             0     0     0     0          0     0     0     0          0     0     0     0          0     0     0     0 
        Radix 12             0     0     0     0          0     0     0     0          0     0     0     0          0     0     0     0 
        Radix 13             0     0     0     0          0     0     0     0          0     0     0     0          0     0     0     0 
        Radix 14             0     0     0     0          0     0     0     0          0     0     0     0          0     0     0     0 
        Radix 15             0     0     0     0          0     0     0     0          0     0     0     0          0     0     0     0 

SumIt -> Input -> bitoffset = 12
----------------------------------------------------------------------------------------------------------------------------------------------------------
 11e1   268  1545  157c  1688  18d4   9cc  1a2f   a4d  1a77   c6f  1cd3   d3e   d51   d5c  1dfe  1dfe  1e44  1fb0   fba 
----------------------------------------------------------------------------------------------------------------------------------------------------------

SumIt -> bitoffset = 12
----------------------------------------------------------------------------------------------------------------------------------------------------------
                                Block 0                      Block 1                      Block 2                      Block 3
----------------------------------------------------------------------------------------------------------------------------------------------------------
         Radix 0             0     1     1     1          2     3     4     6          7     7     8     8          8     8     8     8 
         Radix 1             0     1     3     5          6     7     8     8          9     b     c     c          c     c     c     c 
         Radix 2             0     0     0     0          0     0     0     0          0     0     0     0          0     0     0     0 
         Radix 3             0     0     0     0          0     0     0     0          0     0     0     0          0     0     0     0 
         Radix 4             0     0     0     0          0     0     0     0          0     0     0     0          0     0     0     0 
         Radix 5             0     0     0     0          0     0     0     0          0     0     0     0          0     0     0     0 
         Radix 6             0     0     0     0          0     0     0     0          0     0     0     0          0     0     0     0 
         Radix 7             0     0     0     0          0     0     0     0          0     0     0     0          0     0     0     0 
         Radix 8             0     0     0     0          0     0     0     0          0     0     0     0          0     0     0     0 
         Radix 9             0     0     0     0          0     0     0     0          0     0     0     0          0     0     0     0 
        Radix 10             0     0     0     0          0     0     0     0          0     0     0     0          0     0     0     0 
        Radix 11             0     0     0     0          0     0     0     0          0     0     0     0          0     0     0     0 
        Radix 12             0     0     0     0          0     0     0     0          0     0     0     0          0     0     0     0 
        Radix 13             0     0     0     0          0     0     0     0          0     0     0     0          0     0     0     0 
        Radix 14             0     0     0     0          0     0     0     0          0     0     0     0          0     0     0     0 
        Radix 15             0     0     0     0          0     0     0     0          0     0     0     0          0     0     0     0 

SumIt -> RadixPrefixe -> bitoffset = 12
----------------------------------------------------------------------------------------------------------------------------------------------------------
    8     c     0     0     0     0     0     0     0     0     0     0     0     0     0     0 
----------------------------------------------------------------------------------------------------------------------------------------------------------

Reordering -> Input -> bitoffset = 12
----------------------------------------------------------------------------------------------------------------------------------------------------------
 11e1   268  1545  157c  1688  18d4   9cc  1a2f   a4d  1a77   c6f  1cd3   d3e   d51   d5c  1dfe  1dfe  1e44  1fb0   fba 
----------------------------------------------------------------------------------------------------------------------------------------------------------

Reordering -> bitoffset = 12
----------------------------------------------------------------------------------------------------------------------------------------------------------
                                Block 0                      Block 1                      Block 2                      Block 3
----------------------------------------------------------------------------------------------------------------------------------------------------------
         Radix 0             0     1     1     1          2     3     4     6          7     7     8     8          8     8     8     8 
         Radix 1             0     1     3     5          6     7     8     8          9     b     c     c          c     c     c     c 
         Radix 2             0     0     0     0          0     0     0     0          0     0     0     0          0     0     0     0 
         Radix 3             0     0     0     0          0     0     0     0          0     0     0     0          0     0     0     0 
         Radix 4             0     0     0     0          0     0     0     0          0     0     0     0          0     0     0     0 
         Radix 5             0     0     0     0          0     0     0     0          0     0     0     0          0     0     0     0 
         Radix 6             0     0     0     0          0     0     0     0          0     0     0     0          0     0     0     0 
         Radix 7             0     0     0     0          0     0     0     0          0     0     0     0          0     0     0     0 
         Radix 8             0     0     0     0          0     0     0     0          0     0     0     0          0     0     0     0 
         Radix 9             0     0     0     0          0     0     0     0          0     0     0     0          0     0     0     0 
        Radix 10             0     0     0     0          0     0     0     0          0     0     0     0          0     0     0     0 
        Radix 11             0     0     0     0          0     0     0     0          0     0     0     0          0     0     0     0 
        Radix 12             0     0     0     0          0     0     0     0          0     0     0     0          0     0     0     0 
        Radix 13             0     0     0     0          0     0     0     0          0     0     0     0          0     0     0     0 
        Radix 14             0     0     0     0          0     0     0     0          0     0     0     0          0     0     0     0 
        Radix 15             0     0     0     0          0     0     0     0          0     0     0     0          0     0     0     0 

Reordering -> RadixPrefixe -> bitoffset = 12
----------------------------------------------------------------------------------------------------------------------------------------------------------
    8     c     0     0     0     0     0     0     0     0     0     0     0     0     0     0 
----------------------------------------------------------------------------------------------------------------------------------------------------------

Reordering -> Output -> bitoffset = 12
----------------------------------------------------------------------------------------------------------------------------------------------------------
  268   9cc   a4d   c6f   fba   d51   fba   fba  11e1  157c  157c  18d4   d9b  1a2f  1a77  1cd3  1fb0  1fb0  11e1  1fb0 
----------------------------------------------------------------------------------------------------------------------------------------------------------

Setup and Count -> Input  -> bitoffset = 16
----------------------------------------------------------------------------------------------------------------------------------------------------------
  268   9cc   a4d   c6f   fba   d51   fba   fba  11e1  157c  157c  18d4   d9b  1a2f  1a77  1cd3  1fb0  1fb0  11e1  1fb0 
----------------------------------------------------------------------------------------------------------------------------------------------------------

Setup and Count -> bitoffset = 16
----------------------------------------------------------------------------------------------------------------------------------------------------------
                                Block 0                      Block 1                      Block 2                      Block 3
----------------------------------------------------------------------------------------------------------------------------------------------------------
         Radix 0             2     2     2     2          2     2     2     2          2     2     0     0          0     0     0     0 
         Radix 1             0     0     0     0          0     0     0     0          0     0     0     0          0     0     0     0 
         Radix 2             0     0     0     0          0     0     0     0          0     0     0     0          0     0     0     0 
         Radix 3             0     0     0     0          0     0     0     0          0     0     0     0          0     0     0     0 
         Radix 4             0     0     0     0          0     0     0     0          0     0     0     0          0     0     0     0 
         Radix 5             0     0     0     0          0     0     0     0          0     0     0     0          0     0     0     0 
         Radix 6             0     0     0     0          0     0     0     0          0     0     0     0          0     0     0     0 
         Radix 7             0     0     0     0          0     0     0     0          0     0     0     0          0     0     0     0 
         Radix 8             0     0     0     0          0     0     0     0          0     0     0     0          0     0     0     0 
         Radix 9             0     0     0     0          0     0     0     0          0     0     0     0          0     0     0     0 
        Radix 10             0     0     0     0          0     0     0     0          0     0     0     0          0     0     0     0 
        Radix 11             0     0     0     0          0     0     0     0          0     0     0     0          0     0     0     0 
        Radix 12             0     0     0     0          0     0     0     0          0     0     0     0          0     0     0     0 
        Radix 13             0     0     0     0          0     0     0     0          0     0     0     0          0     0     0     0 
        Radix 14             0     0     0     0          0     0     0     0          0     0     0     0          0     0     0     0 
        Radix 15             0     0     0     0          0     0     0     0          0     0     0     0          0     0     0     0 

SumIt -> Input -> bitoffset = 16
----------------------------------------------------------------------------------------------------------------------------------------------------------
  268   9cc   a4d   c6f   fba   d51   fba   fba  11e1  157c  157c  18d4   d9b  1a2f  1a77  1cd3  1fb0  1fb0  11e1  1fb0 
----------------------------------------------------------------------------------------------------------------------------------------------------------

SumIt -> bitoffset = 16
----------------------------------------------------------------------------------------------------------------------------------------------------------
                                Block 0                      Block 1                      Block 2                      Block 3
----------------------------------------------------------------------------------------------------------------------------------------------------------
         Radix 0             0     2     4     6          8     a     c     e         10    12    14    14         14    14    14    14 
         Radix 1             0     0     0     0          0     0     0     0          0     0     0     0          0     0     0     0 
         Radix 2             0     0     0     0          0     0     0     0          0     0     0     0          0     0     0     0 
         Radix 3             0     0     0     0          0     0     0     0          0     0     0     0          0     0     0     0 
         Radix 4             0     0     0     0          0     0     0     0          0     0     0     0          0     0     0     0 
         Radix 5             0     0     0     0          0     0     0     0          0     0     0     0          0     0     0     0 
         Radix 6             0     0     0     0          0     0     0     0          0     0     0     0          0     0     0     0 
         Radix 7             0     0     0     0          0     0     0     0          0     0     0     0          0     0     0     0 
         Radix 8             0     0     0     0          0     0     0     0          0     0     0     0          0     0     0     0 
         Radix 9             0     0     0     0          0     0     0     0          0     0     0     0          0     0     0     0 
        Radix 10             0     0     0     0          0     0     0     0          0     0     0     0          0     0     0     0 
        Radix 11             0     0     0     0          0     0     0     0          0     0     0     0          0     0     0     0 
        Radix 12             0     0     0     0          0     0     0     0          0     0     0     0          0     0     0     0 
        Radix 13             0     0     0     0          0     0     0     0          0     0     0     0          0     0     0     0 
        Radix 14             0     0     0     0          0     0     0     0          0     0     0     0          0     0     0     0 
        Radix 15             0     0     0     0          0     0     0     0          0     0     0     0          0     0     0     0 

SumIt -> RadixPrefixe -> bitoffset = 16
----------------------------------------------------------------------------------------------------------------------------------------------------------
   14     0     0     0     0     0     0     0     0     0     0     0     0     0     0     0 
----------------------------------------------------------------------------------------------------------------------------------------------------------

Reordering -> Input -> bitoffset = 16
----------------------------------------------------------------------------------------------------------------------------------------------------------
  268   9cc   a4d   c6f   fba   d51   fba   fba  11e1  157c  157c  18d4   d9b  1a2f  1a77  1cd3  1fb0  1fb0  11e1  1fb0 
----------------------------------------------------------------------------------------------------------------------------------------------------------

Reordering -> bitoffset = 16
----------------------------------------------------------------------------------------------------------------------------------------------------------
                                Block 0                      Block 1                      Block 2                      Block 3
----------------------------------------------------------------------------------------------------------------------------------------------------------
         Radix 0             0     2     4     6          8     a     c     e         10    12    14    14         14    14    14    14 
         Radix 1             0     0     0     0          0     0     0     0          0     0     0     0          0     0     0     0 
         Radix 2             0     0     0     0          0     0     0     0          0     0     0     0          0     0     0     0 
         Radix 3             0     0     0     0          0     0     0     0          0     0     0     0          0     0     0     0 
         Radix 4             0     0     0     0          0     0     0     0          0     0     0     0          0     0     0     0 
         Radix 5             0     0     0     0          0     0     0     0          0     0     0     0          0     0     0     0 
         Radix 6             0     0     0     0          0     0     0     0          0     0     0     0          0     0     0     0 
         Radix 7             0     0     0     0          0     0     0     0          0     0     0     0          0     0     0     0 
         Radix 8             0     0     0     0          0     0     0     0          0     0     0     0          0     0     0     0 
         Radix 9             0     0     0     0          0     0     0     0          0     0     0     0          0     0     0     0 
        Radix 10             0     0     0     0          0     0     0     0          0     0     0     0          0     0     0     0 
        Radix 11             0     0     0     0          0     0     0     0          0     0     0     0          0     0     0     0 
        Radix 12             0     0     0     0          0     0     0     0          0     0     0     0          0     0     0     0 
        Radix 13             0     0     0     0          0     0     0     0          0     0     0     0          0     0     0     0 
        Radix 14             0     0     0     0          0     0     0     0          0     0     0     0          0     0     0     0 
        Radix 15             0     0     0     0          0     0     0     0          0     0     0     0          0     0     0     0 

Reordering -> RadixPrefixe -> bitoffset = 16
----------------------------------------------------------------------------------------------------------------------------------------------------------
   14     0     0     0     0     0     0     0     0     0     0     0     0     0     0     0 
----------------------------------------------------------------------------------------------------------------------------------------------------------

Reordering -> Output -> bitoffset = 16
----------------------------------------------------------------------------------------------------------------------------------------------------------
  9cc   268   c6f  157c   d51  18d4   fba  1a2f  157c  1a77  18d4  1cd3  1fb0   d51  1fb0  1dfe  1fb0  1e44  1fb0   fba 
----------------------------------------------------------------------------------------------------------------------------------------------------------

Setup and Count -> Input  -> bitoffset = 20
----------------------------------------------------------------------------------------------------------------------------------------------------------
  9cc   268   c6f  157c   d51  18d4   fba  1a2f  157c  1a77  18d4  1cd3  1fb0   d51  1fb0  1dfe  1fb0  1e44  1fb0   fba 
----------------------------------------------------------------------------------------------------------------------------------------------------------

Setup and Count -> bitoffset = 20
----------------------------------------------------------------------------------------------------------------------------------------------------------
                                Block 0                      Block 1                      Block 2                      Block 3
----------------------------------------------------------------------------------------------------------------------------------------------------------
         Radix 0             2     2     2     2          2     2     2     2          2     2     0     0          0     0     0     0 
         Radix 1             0     0     0     0          0     0     0     0          0     0     0     0          0     0     0     0 
         Radix 2             0     0     0     0          0     0     0     0          0     0     0     0          0     0     0     0 
         Radix 3             0     0     0     0          0     0     0     0          0     0     0     0          0     0     0     0 
         Radix 4             0     0     0     0          0     0     0     0          0     0     0     0          0     0     0     0 
         Radix 5             0     0     0     0          0     0     0     0          0     0     0     0          0     0     0     0 
         Radix 6             0     0     0     0          0     0     0     0          0     0     0     0          0     0     0     0 
         Radix 7             0     0     0     0          0     0     0     0          0     0     0     0          0     0     0     0 
         Radix 8             0     0     0     0          0     0     0     0          0     0     0     0          0     0     0     0 
         Radix 9             0     0     0     0          0     0     0     0          0     0     0     0          0     0     0     0 
        Radix 10             0     0     0     0          0     0     0     0          0     0     0     0          0     0     0     0 
        Radix 11             0     0     0     0          0     0     0     0          0     0     0     0          0     0     0     0 
        Radix 12             0     0     0     0          0     0     0     0          0     0     0     0          0     0     0     0 
        Radix 13             0     0     0     0          0     0     0     0          0     0     0     0          0     0     0     0 
        Radix 14             0     0     0     0          0     0     0     0          0     0     0     0          0     0     0     0 
        Radix 15             0     0     0     0          0     0     0     0          0     0     0     0          0     0     0     0 

SumIt -> Input -> bitoffset = 20
----------------------------------------------------------------------------------------------------------------------------------------------------------
  9cc   268   c6f  157c   d51  18d4   fba  1a2f  157c  1a77  18d4  1cd3  1fb0   d51  1fb0  1dfe  1fb0  1e44  1fb0   fba 
----------------------------------------------------------------------------------------------------------------------------------------------------------

SumIt -> bitoffset = 20
----------------------------------------------------------------------------------------------------------------------------------------------------------
                                Block 0                      Block 1                      Block 2                      Block 3
----------------------------------------------------------------------------------------------------------------------------------------------------------
         Radix 0             0     2     4     6          8     a     c     e         10    12    14    14         14    14    14    14 
         Radix 1             0     0     0     0          0     0     0     0          0     0     0     0          0     0     0     0 
         Radix 2             0     0     0     0          0     0     0     0          0     0     0     0          0     0     0     0 
         Radix 3             0     0     0     0          0     0     0     0          0     0     0     0          0     0     0     0 
         Radix 4             0     0     0     0          0     0     0     0          0     0     0     0          0     0     0     0 
         Radix 5             0     0     0     0          0     0     0     0          0     0     0     0          0     0     0     0 
         Radix 6             0     0     0     0          0     0     0     0          0     0     0     0          0     0     0     0 
         Radix 7             0     0     0     0          0     0     0     0          0     0     0     0          0     0     0     0 
         Radix 8             0     0     0     0          0     0     0     0          0     0     0     0          0     0     0     0 
         Radix 9             0     0     0     0          0     0     0     0          0     0     0     0          0     0     0     0 
        Radix 10             0     0     0     0          0     0     0     0          0     0     0     0          0     0     0     0 
        Radix 11             0     0     0     0          0     0     0     0          0     0     0     0          0     0     0     0 
        Radix 12             0     0     0     0          0     0     0     0          0     0     0     0          0     0     0     0 
        Radix 13             0     0     0     0          0     0     0     0          0     0     0     0          0     0     0     0 
        Radix 14             0     0     0     0          0     0     0     0          0     0     0     0          0     0     0     0 
        Radix 15             0     0     0     0          0     0     0     0          0     0     0     0          0     0     0     0 

SumIt -> RadixPrefixe -> bitoffset = 20
----------------------------------------------------------------------------------------------------------------------------------------------------------
   14     0     0     0     0     0     0     0     0     0     0     0     0     0     0     0 
----------------------------------------------------------------------------------------------------------------------------------------------------------

Reordering -> Input -> bitoffset = 20
----------------------------------------------------------------------------------------------------------------------------------------------------------
  9cc   268   c6f  157c   d51  18d4   fba  1a2f  157c  1a77  18d4  1cd3  1fb0   d51  1fb0  1dfe  1fb0  1e44  1fb0   fba 
----------------------------------------------------------------------------------------------------------------------------------------------------------

Reordering -> bitoffset = 20
----------------------------------------------------------------------------------------------------------------------------------------------------------
                                Block 0                      Block 1                      Block 2                      Block 3
----------------------------------------------------------------------------------------------------------------------------------------------------------
         Radix 0             0     2     4     6          8     a     c     e         10    12    14    14         14    14    14    14 
         Radix 1             0     0     0     0          0     0     0     0          0     0     0     0          0     0     0     0 
         Radix 2             0     0     0     0          0     0     0     0          0     0     0     0          0     0     0     0 
         Radix 3             0     0     0     0          0     0     0     0          0     0     0     0          0     0     0     0 
         Radix 4             0     0     0     0          0     0     0     0          0     0     0     0          0     0     0     0 
         Radix 5             0     0     0     0          0     0     0     0          0     0     0     0          0     0     0     0 
         Radix 6             0     0     0     0          0     0     0     0          0     0     0     0          0     0     0     0 
         Radix 7             0     0     0     0          0     0     0     0          0     0     0     0          0     0     0     0 
         Radix 8             0     0     0     0          0     0     0     0          0     0     0     0          0     0     0     0 
         Radix 9             0     0     0     0          0     0     0     0          0     0     0     0          0     0     0     0 
        Radix 10             0     0     0     0          0     0     0     0          0     0     0     0          0     0     0     0 
        Radix 11             0     0     0     0          0     0     0     0          0     0     0     0          0     0     0     0 
        Radix 12             0     0     0     0          0     0     0     0          0     0     0     0          0     0     0     0 
        Radix 13             0     0     0     0          0     0     0     0          0     0     0     0          0     0     0     0 
        Radix 14             0     0     0     0          0     0     0     0          0     0     0     0          0     0     0     0 
        Radix 15             0     0     0     0          0     0     0     0          0     0     0     0          0     0     0     0 

Reordering -> RadixPrefixe -> bitoffset = 20
----------------------------------------------------------------------------------------------------------------------------------------------------------
   14     0     0     0     0     0     0     0     0     0     0     0     0     0     0     0 
----------------------------------------------------------------------------------------------------------------------------------------------------------

Reordering -> Output -> bitoffset = 20
----------------------------------------------------------------------------------------------------------------------------------------------------------
  268   9cc  157c   c6f  18d4   d51  1a2f   fba  1a77  157c  1cd3  18d4   fba  1a2f   fba  1cd3   fba  1fb0   fba  1fb0 
----------------------------------------------------------------------------------------------------------------------------------------------------------

Setup and Count -> Input  -> bitoffset = 24
----------------------------------------------------------------------------------------------------------------------------------------------------------
  268   9cc  157c   c6f  18d4   d51  1a2f   fba  1a77  157c  1cd3  18d4   fba  1a2f   fba  1cd3   fba  1fb0   fba  1fb0 
----------------------------------------------------------------------------------------------------------------------------------------------------------

Setup and Count -> bitoffset = 24
----------------------------------------------------------------------------------------------------------------------------------------------------------
                                Block 0                      Block 1                      Block 2                      Block 3
----------------------------------------------------------------------------------------------------------------------------------------------------------
         Radix 0             2     2     2     2          2     2     2     2          2     2     0     0          0     0     0     0 
         Radix 1             0     0     0     0          0     0     0     0          0     0     0     0          0     0     0     0 
         Radix 2             0     0     0     0          0     0     0     0          0     0     0     0          0     0     0     0 
         Radix 3             0     0     0     0          0     0     0     0          0     0     0     0          0     0     0     0 
         Radix 4             0     0     0     0          0     0     0     0          0     0     0     0          0     0     0     0 
         Radix 5             0     0     0     0          0     0     0     0          0     0     0     0          0     0     0     0 
         Radix 6             0     0     0     0          0     0     0     0          0     0     0     0          0     0     0     0 
         Radix 7             0     0     0     0          0     0     0     0          0     0     0     0          0     0     0     0 
         Radix 8             0     0     0     0          0     0     0     0          0     0     0     0          0     0     0     0 
         Radix 9             0     0     0     0          0     0     0     0          0     0     0     0          0     0     0     0 
        Radix 10             0     0     0     0          0     0     0     0          0     0     0     0          0     0     0     0 
        Radix 11             0     0     0     0          0     0     0     0          0     0     0     0          0     0     0     0 
        Radix 12             0     0     0     0          0     0     0     0          0     0     0     0          0     0     0     0 
        Radix 13             0     0     0     0          0     0     0     0          0     0     0     0          0     0     0     0 
        Radix 14             0     0     0     0          0     0     0     0          0     0     0     0          0     0     0     0 
        Radix 15             0     0     0     0          0     0     0     0          0     0     0     0          0     0     0     0 

SumIt -> Input -> bitoffset = 24
----------------------------------------------------------------------------------------------------------------------------------------------------------
  268   9cc  157c   c6f  18d4   d51  1a2f   fba  1a77  157c  1cd3  18d4   fba  1a2f   fba  1cd3   fba  1fb0   fba  1fb0 
----------------------------------------------------------------------------------------------------------------------------------------------------------

SumIt -> bitoffset = 24
----------------------------------------------------------------------------------------------------------------------------------------------------------
                                Block 0                      Block 1                      Block 2                      Block 3
----------------------------------------------------------------------------------------------------------------------------------------------------------
         Radix 0             0     2     4     6          8     a     c     e         10    12    14    14         14    14    14    14 
         Radix 1             0     0     0     0          0     0     0     0          0     0     0     0          0     0     0     0 
         Radix 2             0     0     0     0          0     0     0     0          0     0     0     0          0     0     0     0 
         Radix 3             0     0     0     0          0     0     0     0          0     0     0     0          0     0     0     0 
         Radix 4             0     0     0     0          0     0     0     0          0     0     0     0          0     0     0     0 
         Radix 5             0     0     0     0          0     0     0     0          0     0     0     0          0     0     0     0 
         Radix 6             0     0     0     0          0     0     0     0          0     0     0     0          0     0     0     0 
         Radix 7             0     0     0     0          0     0     0     0          0     0     0     0          0     0     0     0 
         Radix 8             0     0     0     0          0     0     0     0          0     0     0     0          0     0     0     0 
         Radix 9             0     0     0     0          0     0     0     0          0     0     0     0          0     0     0     0 
        Radix 10             0     0     0     0          0     0     0     0          0     0     0     0          0     0     0     0 
        Radix 11             0     0     0     0          0     0     0     0          0     0     0     0          0     0     0     0 
        Radix 12             0     0     0     0          0     0     0     0          0     0     0     0          0     0     0     0 
        Radix 13             0     0     0     0          0     0     0     0          0     0     0     0          0     0     0     0 
        Radix 14             0     0     0     0          0     0     0     0          0     0     0     0          0     0     0     0 
        Radix 15             0     0     0     0          0     0     0     0          0     0     0     0          0     0     0     0 

SumIt -> RadixPrefixe -> bitoffset = 24
----------------------------------------------------------------------------------------------------------------------------------------------------------
   14     0     0     0     0     0     0     0     0     0     0     0     0     0     0     0 
----------------------------------------------------------------------------------------------------------------------------------------------------------

Reordering -> Input -> bitoffset = 24
----------------------------------------------------------------------------------------------------------------------------------------------------------
  268   9cc  157c   c6f  18d4   d51  1a2f   fba  1a77  157c  1cd3  18d4   fba  1a2f   fba  1cd3   fba  1fb0   fba  1fb0 
----------------------------------------------------------------------------------------------------------------------------------------------------------

Reordering -> bitoffset = 24
----------------------------------------------------------------------------------------------------------------------------------------------------------
                                Block 0                      Block 1                      Block 2                      Block 3
----------------------------------------------------------------------------------------------------------------------------------------------------------
         Radix 0             0     2     4     6          8     a     c     e         10    12    14    14         14    14    14    14 
         Radix 1             0     0     0     0          0     0     0     0          0     0     0     0          0     0     0     0 
         Radix 2             0     0     0     0          0     0     0     0          0     0     0     0          0     0     0     0 
         Radix 3             0     0     0     0          0     0     0     0          0     0     0     0          0     0     0     0 
         Radix 4             0     0     0     0          0     0     0     0          0     0     0     0          0     0     0     0 
         Radix 5             0     0     0     0          0     0     0     0          0     0     0     0          0     0     0     0 
         Radix 6             0     0     0     0          0     0     0     0          0     0     0     0          0     0     0     0 
         Radix 7             0     0     0     0          0     0     0     0          0     0     0     0          0     0     0     0 
         Radix 8             0     0     0     0          0     0     0     0          0     0     0     0          0     0     0     0 
         Radix 9             0     0     0     0          0     0     0     0          0     0     0     0          0     0     0     0 
        Radix 10             0     0     0     0          0     0     0     0          0     0     0     0          0     0     0     0 
        Radix 11             0     0     0     0          0     0     0     0          0     0     0     0          0     0     0     0 
        Radix 12             0     0     0     0          0     0     0     0          0     0     0     0          0     0     0     0 
        Radix 13             0     0     0     0          0     0     0     0          0     0     0     0          0     0     0     0 
        Radix 14             0     0     0     0          0     0     0     0          0     0     0     0          0     0     0     0 
        Radix 15             0     0     0     0          0     0     0     0          0     0     0     0          0     0     0     0 

Reordering -> RadixPrefixe -> bitoffset = 24
----------------------------------------------------------------------------------------------------------------------------------------------------------
   14     0     0     0     0     0     0     0     0     0     0     0     0     0     0     0 
----------------------------------------------------------------------------------------------------------------------------------------------------------

Reordering -> Output -> bitoffset = 24
----------------------------------------------------------------------------------------------------------------------------------------------------------
  9cc   268   c6f  157c   d51  18d4   fba  1a2f  157c  1a77  18d4  1cd3  1fb0   d51  1fb0  1dfe  1fb0  1e44  1fb0   fba 
----------------------------------------------------------------------------------------------------------------------------------------------------------

Setup and Count -> Input  -> bitoffset = 28
----------------------------------------------------------------------------------------------------------------------------------------------------------
  9cc   268   c6f  157c   d51  18d4   fba  1a2f  157c  1a77  18d4  1cd3  1fb0   d51  1fb0  1dfe  1fb0  1e44  1fb0   fba 
----------------------------------------------------------------------------------------------------------------------------------------------------------

Setup and Count -> bitoffset = 28
----------------------------------------------------------------------------------------------------------------------------------------------------------
                                Block 0                      Block 1                      Block 2                      Block 3
----------------------------------------------------------------------------------------------------------------------------------------------------------
         Radix 0             2     2     2     2          2     2     2     2          2     2     0     0          0     0     0     0 
         Radix 1             0     0     0     0          0     0     0     0          0     0     0     0          0     0     0     0 
         Radix 2             0     0     0     0          0     0     0     0          0     0     0     0          0     0     0     0 
         Radix 3             0     0     0     0          0     0     0     0          0     0     0     0          0     0     0     0 
         Radix 4             0     0     0     0          0     0     0     0          0     0     0     0          0     0     0     0 
         Radix 5             0     0     0     0          0     0     0     0          0     0     0     0          0     0     0     0 
         Radix 6             0     0     0     0          0     0     0     0          0     0     0     0          0     0     0     0 
         Radix 7             0     0     0     0          0     0     0     0          0     0     0     0          0     0     0     0 
         Radix 8             0     0     0     0          0     0     0     0          0     0     0     0          0     0     0     0 
         Radix 9             0     0     0     0          0     0     0     0          0     0     0     0          0     0     0     0 
        Radix 10             0     0     0     0          0     0     0     0          0     0     0     0          0     0     0     0 
        Radix 11             0     0     0     0          0     0     0     0          0     0     0     0          0     0     0     0 
        Radix 12             0     0     0     0          0     0     0     0          0     0     0     0          0     0     0     0 
        Radix 13             0     0     0     0          0     0     0     0          0     0     0     0          0     0     0     0 
        Radix 14             0     0     0     0          0     0     0     0          0     0     0     0          0     0     0     0 
        Radix 15             0     0     0     0          0     0     0     0          0     0     0     0          0     0     0     0 

SumIt -> Input -> bitoffset = 28
----------------------------------------------------------------------------------------------------------------------------------------------------------
  9cc   268   c6f  157c   d51  18d4   fba  1a2f  157c  1a77  18d4  1cd3  1fb0   d51  1fb0  1dfe  1fb0  1e44  1fb0   fba 
----------------------------------------------------------------------------------------------------------------------------------------------------------

SumIt -> bitoffset = 28
----------------------------------------------------------------------------------------------------------------------------------------------------------
                                Block 0                      Block 1                      Block 2                      Block 3
----------------------------------------------------------------------------------------------------------------------------------------------------------
         Radix 0             0     2     4     6          8     a     c     e         10    12    14    14         14    14    14    14 
         Radix 1             0     0     0     0          0     0     0     0          0     0     0     0          0     0     0     0 
         Radix 2             0     0     0     0          0     0     0     0          0     0     0     0          0     0     0     0 
         Radix 3             0     0     0     0          0     0     0     0          0     0     0     0          0     0     0     0 
         Radix 4             0     0     0     0          0     0     0     0          0     0     0     0          0     0     0     0 
         Radix 5             0     0     0     0          0     0     0     0          0     0     0     0          0     0     0     0 
         Radix 6             0     0     0     0          0     0     0     0          0     0     0     0          0     0     0     0 
         Radix 7             0     0     0     0          0     0     0     0          0     0     0     0          0     0     0     0 
         Radix 8             0     0     0     0          0     0     0     0          0     0     0     0          0     0     0     0 
         Radix 9             0     0     0     0          0     0     0     0          0     0     0     0          0     0     0     0 
        Radix 10             0     0     0     0          0     0     0     0          0     0     0     0          0     0     0     0 
        Radix 11             0     0     0     0          0     0     0     0          0     0     0     0          0     0     0     0 
        Radix 12             0     0     0     0          0     0     0     0          0     0     0     0          0     0     0     0 
        Radix 13             0     0     0     0          0     0     0     0          0     0     0     0          0     0     0     0 
        Radix 14             0     0     0     0          0     0     0     0          0     0     0     0          0     0     0     0 
        Radix 15             0     0     0     0          0     0     0     0          0     0     0     0          0     0     0     0 

SumIt -> RadixPrefixe -> bitoffset = 28
----------------------------------------------------------------------------------------------------------------------------------------------------------
   14     0     0     0     0     0     0     0     0     0     0     0     0     0     0     0 
----------------------------------------------------------------------------------------------------------------------------------------------------------

Reordering -> Input -> bitoffset = 28
----------------------------------------------------------------------------------------------------------------------------------------------------------
  9cc   268   c6f  157c   d51  18d4   fba  1a2f  157c  1a77  18d4  1cd3  1fb0   d51  1fb0  1dfe  1fb0  1e44  1fb0   fba 
----------------------------------------------------------------------------------------------------------------------------------------------------------

Reordering -> bitoffset = 28
----------------------------------------------------------------------------------------------------------------------------------------------------------
                                Block 0                      Block 1                      Block 2                      Block 3
----------------------------------------------------------------------------------------------------------------------------------------------------------
         Radix 0             0     2     4     6          8     a     c     e         10    12    14    14         14    14    14    14 
         Radix 1             0     0     0     0          0     0     0     0          0     0     0     0          0     0     0     0 
         Radix 2             0     0     0     0          0     0     0     0          0     0     0     0          0     0     0     0 
         Radix 3             0     0     0     0          0     0     0     0          0     0     0     0          0     0     0     0 
         Radix 4             0     0     0     0          0     0     0     0          0     0     0     0          0     0     0     0 
         Radix 5             0     0     0     0          0     0     0     0          0     0     0     0          0     0     0     0 
         Radix 6             0     0     0     0          0     0     0     0          0     0     0     0          0     0     0     0 
         Radix 7             0     0     0     0          0     0     0     0          0     0     0     0          0     0     0     0 
         Radix 8             0     0     0     0          0     0     0     0          0     0     0     0          0     0     0     0 
         Radix 9             0     0     0     0          0     0     0     0          0     0     0     0          0     0     0     0 
        Radix 10             0     0     0     0          0     0     0     0          0     0     0     0          0     0     0     0 
        Radix 11             0     0     0     0          0     0     0     0          0     0     0     0          0     0     0     0 
        Radix 12             0     0     0     0          0     0     0     0          0     0     0     0          0     0     0     0 
        Radix 13             0     0     0     0          0     0     0     0          0     0     0     0          0     0     0     0 
        Radix 14             0     0     0     0          0     0     0     0          0     0     0     0          0     0     0     0 
        Radix 15             0     0     0     0          0     0     0     0          0     0     0     0          0     0     0     0 

Reordering -> RadixPrefixe -> bitoffset = 28
----------------------------------------------------------------------------------------------------------------------------------------------------------
   14     0     0     0     0     0     0     0     0     0     0     0     0     0     0     0 
----------------------------------------------------------------------------------------------------------------------------------------------------------

Reordering -> Output -> bitoffset = 28
----------------------------------------------------------------------------------------------------------------------------------------------------------
  268   9cc  157c   c6f  18d4   d51  1a2f   fba  1a77  157c  1cd3  18d4   fba  1a2f   fba  1cd3   fba  1fb0   fba  1fb0 
----------------------------------------------------------------------------------------------------------------------------------------------------------

